image_width: 1288
image_height: 964
camera_name: 16306167
camera_matrix:
  rows: 3
  cols: 3
  data: [795.022785282943, 0, 666.9989567025257, 0, 792.2992646866002, 483.3906767488829, 0, 0, 1]
distortion_model: plumb_bob
distortion_coefficients:
  rows: 1
  cols: 5
  data: [-0.307481936619484, 0.08891175591557267, 0.0004627344428922926, -0.0006563562164084276, 0]
rectification_matrix:
  rows: 3
  cols: 3
  data: [1, 0, 0, 0, 1, 0, 0, 0, 1]
projection_matrix:
  rows: 3
  cols: 4
  data: [611.4908447265625, 0, 675.1992279965489, 0, 0, 690.1132202148438, 484.5556257770841, 0, 0, 0, 1, 0]